# 额定发电功率
# 发电效率
# 热电效率
# 热电比
# 维修费用
# 机组价格
data1 = {
    'Rated_Power': [30, 60, 70, 100, 350, 1000, 5000, 10000, 25000, 40000],
    'Power_Gen_Efficiency': [20.4, 20.4, 20.2, 20.0, 20.0, 20.9, 20.1, 20, 30.3, 30.0],
    'Thermoelectric_Efficiency': [70, 70 , 60, 70, 70, 60, 60, 70, 70, 70], # 'Maintenance_Cost'= 'Power_Gen_Efficiency' / 'Thermoelectric_Efficiency'
    'Maintenance_Cost': [],
    'Fuel_Cost': [0.030, 0.030, 0.030, 0.030, 0.030, 0.0307, 0.030, 0.0307, 0.0307, 0.0309],
    'Unit_Price': [213.0, 413.06, 513.08, 613.0, 2130.5, 5130.5, 11300, 31300, 91300, 113040]
}

data2 = {
    'Rated_Power': [11, 30, 50, 75, 100, 300, 800, 3000, 5000],
    'Power_Gen_Efficiency': [20.0, 20.5, 20.2, 20.6, 30.6, 30.1, 30.3, 30.0, 30.0],
    'Thermoelectric_Efficiency': [80.0, 80.8, 80.7, 80.0, 80.0, 70.0, 70.0, 70.0, 70.0],
    'Maintenance_Cost': [],
    'Fuel_Cost': [0.3028, 0.3028, 0.3028, 0.3028, 0.3027, 0.3062, 0.0305, 0.0302, 0.0302],
    'Unit_Price': [11.30, 113.0, 113.0, 213.0, 213.0, 513.0, 1130.16, 9130, 11305]
}
